00001
00002
00003
00004
00005
00006
00007
00008
00009
00010
00011
00012
00013
00017
00018
00019
00020
00021
00023
00025
00026
00027
00028
00029
00030
00031
00032
00033
00034
00036
00040
00041
00042
00043
00044
00045
00046
00047
00048
00049
00050
00051
00052
00053
00054
00055
00056
00057
00058
00059
00060
00061
00062
00063
00064
00065
00066
00067
00068
00069
00070
00071
00072
00073
00074
00078
00079
00080
00081
00082
00083
00084
00085
00086
00087
00088
00089
00090
00092
00094
00095
00096
00097
00098
00099
00100
00101
00102
00105
00106
00107
00108
00109
00110
00111
00112
00113
00114
00115
00116
00117
00118
00119
00121
00124
00125
00126
00127
00128
00130
00131
00134
00135
00136
00137
00138
00140
00141
00142
00143
00144
00145
00146
00147
00148
00150
00152
00154
00156
00157
00158
00160
00161
00162
00163
00164
00165
00167
00168
00170
00171
00172
00174
00175
00176
00177
00178
00179
00182
00183
00184
00185
00189
00190
00191
00192
00193
00194
00195
00196
00197
00198
00199
00200
00202
00203
00205
00206
00208
00209
00210
00212
00213
00214
00216
00219
00221
00222
00224
00225
00226
00228
00230
00231
00232
00233
00234
00235
00237
00238
00239
00240
00241
00242
00243
00244
00245
00246
00248
00249
00250
00252
00253
00254
00255
00257
00258
00259
00260
00261
00262
00264
00265
00267
00269
00271
00272
00273
00274
00275
00276
00277
00278
00279
00280
00281
00282
00283
00284
00285
00286
00287
00288
00289
00291
00292
00294
00295
00297
00299
00301
00303
00304
00305
00306
00307
00309
00313
00314
00315
00316
00317
00318
00319
00321
00322
00323
00324
00325
00328
00329
00330
00331
00332
00333
00334
00335
00336
00338
00339
00341
00342
00343
00344
00345
00346
00347
00349
00350
00351
00352
00354
00355
00356
00357
00359
00360
00361
00363
00364
00365
00366
00367
00368
00369
00370
00371
00372
00373
00375
00377
00378
00379
00380
00381
00383
00385
00387
00388
00389
00391
00392
00394
00395
00396
00397
00398
00399
00400
00401
00402
00403
00404
00406
00408
00409
00410
00411
00412
00413
00415
00416
00417
00418
00419
00422
00423
00424
00425
00426
00427
00428
00429
00430
00431
00432
00433
00434
00435
00436
00437
00438
00439
00442
00443
00444
00446
00448
00449
00450
00451
00452
00453
00454
00455
00456
00457
00458
00459
00460
00461
00462
00463
00464
00465
00466
00467
00468
00469
00470
00471
00472
00473
00474
00475
00476
00477
00480
00481
00482
00483
00484
00485
00486
00487
00488
00489
00490
00491
00492
00493
00494
00496
00497
00498
00499
00500
00501
00502
00503
00504
00506
00507
00508
00512
00514
00515
00516
00517
00518
00519
00520
00521
00522
00524
00525
00526
00527
00528
00529
00530
00532
00534
00535
00536
00537
00538
00539
00540
00541
00542
00543
00544
00545
00546
00547
00548
00549
00550
00551
00552
00554
00556
00557
00558
00559
00561
00562
00563
00564
00565
00566
00567
00568
00569
00570
00571
00572
00574
00575
00576
00579
00580
00581
00582
00583
00584
00585
00586
00587
00590
00592
00593
00594
00595
00596
00597
00598
00599
00600
00601
00602
00603
00604
00605
00607
00608
00609
00610
00612
00613
00614
00616
00618
00619
00620
00621
00622
00623
00625
00626
00627
00628
00629
00630
00631
00632
00633
00634
00635
00636
00637
00638
00639
00640
00641
00642
00643
00645
00646
00647
00648
00649
00651
00652
00653
00655
00657
00658
00659
00660
00661
00663
00664
00665
00666
00667
00670
00671
00672
00673
00674
00675
00676
00677
00678
00679
00680
00681
00682
00683
00684
00685
00686
00687
00689
00690
00691
00692
00693
00695
00696
00697
00699
00700
00701
00702
00703
00704
00705
00706
00707
00708
00709
00710
00711
00712
00713
00714
00715
00718
00719
00720
00721
00723
00724
00725
00727
00728
00729
00730
00731
00732
00733
00734
00735
00736
00737
00738
00739
00740
00743
00744
00745
00746
00747
00748
00749
00750
00752
00753
00754
00755
00757
00758
00759
00760
00761
00764
00766
00767
00768
00769
00770
00772
00773
00774
00775
00777
00778
00779
00780
00781
00782
00783
00784
00785
00787
00788
00789
00790
00791
00792
00793
00794
00795
00796
00797
00800
00801
00802
00803
00805
00807
00809
00810
00811
00812
00815
00819
00820
00821
00822
00823
00824
00825
00826
00827
00828
00829
00830
00832
00833
00835
00837
00838
00840
00843
00845
00846
00847
00849
00850
00851
00852
00853
00854
00856
00858
00859
00860
00861
00862
00864
00865
00866
00868
00869
00870
00872
00874
00876
00877
00878
00880
00881
00882
00884
00885
00887
00888
00889
00890
00891
00892
00893
00894
00895
00896
00900
00902
00904
00905
00906
00907
00909
00911
00912
00913
00914
00916
00917
00918
00919
00920
00921
00922
00923
00924
00925
00926
00927
00928
00930
00931
00932
00933
00934
00935
00937
00938
00939
00940
00941
00942
00943
00944
00945
00946
00947
00949
00950
00951
00952
00953
00954
00955
00956
00957
00959
00960
00962
00964
00965
00966
00969
00970
00971
00972
00973
00974
00975
00977
00980
00981
00982
00983
00984
00985
00986
00987
00989
00990
00992
00993
00995
00996
00997
00998
00999
01001
01002
01005
01006
01007
01008
01010
01011
01012
01014
01015
01017
01018
01019
01020
01021
01022
01023
01024
01025
01027
01028
01029
01030
01031
01032
01033
01034
01035
01036
01037
01038
01040
01041
01042
01044
01045
01046
01047
01048
01049
01051
01052
01054
01055
01056
01057
01058
01059
01060
01061
01062
01064
01066
01067
01068
01069
01071
01072
01074
01075
01076
01078
01079
01080
01081
01084
01085
01086
01087
01088
01089
01091
01092
01095
01096
01097
01098
01099
01100
01101
01102
01103
01104
01105
01106
01107
01108
01109
01110
01111
01112
01113
01114
01115
01116
01118
01119
01120
01123
01124
01125
01126
01129
01130
01131
01132
01133
01135
01136
01137
01139
01140
01141
01143
01144
01145
01147
01148
01149
01152
01156
01157
01158
01159
01160
01161
01162
01164
01165
01166
01167
01168
01169
01171
01173
01174
01175
01176
01177
01178
01179
01180
01181
01183
01184
01185
01186
01187
01188
01189
01190
01192
01193
01194
01195
01196
01197
01198
01199
01200
01202
01203
01204
01205
01207
01208
01210
01211
01212
01213
01216
01217
01218
01219
01221
01222
01223
01224
01225
01226
01228
01229
01230
01231
01232
01233
01235
01238
01239
01240
01241
01243
01244
01245
01246
01247
01249
01250
01252
01253
01254
01255
01256
01257
01258
01259
01261
01262
01263
01264
01265
01266
01268
01269
01270
01272
01273
01274
01277
01278
01279
01280
01281
01282
01283
01284
01285
01286
01287
01289
01290
01291
01292
01293
01294
01295
01296
01297
01298
01299
01300
01301
01302
01303
01304
01305
01308
01309
01310
01311
01312
01313
01314
01315
01316
01317
01318
01320
01321
01323
01324
01325
01326
01327
01328
01329
01330
01331
01332
01333
01334
01335
01336
01337
01338
01340
01342
01343
01344
01346
01347
01349
01350
01351
01352
01353
01354
01355
01356
01357
01358
01359
01360
01361
01362
01364
01365
01366
01367
01368
01369
01370
01371
01372
01373
01374
01375
01376
01377
01378
01380
01381
01382
01383
01385
01386
01387
01388
01389
01390
01391
01392
01393
01394
01396
01397
01398
01399
01400
01402
01403
01405
01406
01407
01408
01409
01410
01411
01412
01413
01415
01416
01418
01419
01420
01421
01422
01426
01427
01428
01429
01430
01431
01432
01434
01435
01436
01440
01441
01442
01443
01444
01446
01448
01449
01450
01451
01452
01453
01455
01456
01462
01463
01464
01467
01468
01469
01470
01471
01472
01473
01474
01475
01476
01478
01479
01480
01481
01482
01483
01484
01485
01486
01488
01490
01491
01492
01493
01496
01497
01498
01499
01501
01502
01503
01504
01505
01506
01507
01509
01510
01511
01514
01516
01521
01522
01524
01526
01527
01530
01532
01534
01535
01536
01537
01538
01539
01540
01541
01542
01543
01545
01548
01549
01550
01551
01552
01553
01554
01555
01556
01557
01558
01559
01561
01562
01564
01568
01570
01571
01572
01573
01575
01577
01578
01579
01580
01581
01583
01584
01586
01587
01588
01589
01590
01591
01592
01593
01594
01599
01600
01601
01602
01603
01604
01605
01606
01608
01609
01610
01611
01612
01613
01614
01615
01616
01617
01618
01619
01620
01622
01623
01624
01625
01627
01628
01630
01631
01632
01633
01634
01635
01636
01637
01639
01640
01642
01643
01644
01645
01647
01649
01650
01652
01654
01655
01656
01657
01659
01660
01661
01663
01664
01666
01668
01670
01671
01672
01673
01674
01675
01676
01677
01679
01681
01682
01683
01686
01689
01690
01691
01693
01694
01695
01696
01697
01698
01699
01700
01701
01702
01703
01704
01705
01706
01708
01711
01712
01713
01714
01715
01716
01717
01721
01722
01723
01724
01725
01726
01727
01728
01729
01730
01731
01732
01733
01734
01735
01737
01738
01739
01741
01742
01743
01745
01746
01747
01749
01750
01751
01752
01753
01754
01755
01756
01757
01758
01759
01760
01762
01763
01764
01765
01766
01767
01768
01770
01771
01773
01774
01775
01776
01777
01778
01779
01780
01781
01784
01785
01786
01788
01789
01790
01791
01793
01794
01795
01797
01798
01799
01800
01801
01802
01804
01805
01806
01807
01808
01810
01811
01812
01813
01814
01815
01816
01818
01819
01820
01822
01823
01824
01825
01826
01827
01828
01830
01833
01834
01835
01836
01837
01838
01839
01840
01842
01845
01846
01847
01848
01850
01851
01852
01853
01854
01855
01857
01859
01860
01861
01863
01866
01868
01869
01870
01872
01873
01874
01875
01877
01878
01879
01880
01881
01882
01884
01885
01886
01887
01888
01889
01890
01891
01893
01894
01895
01897
01899
01900
01901
01904
01905
01906
01907
01908
01909
01911
01912
01913
01914
01915
01916
01917
01918
01919
01920
01922
01923
01925
01926
01927
01928
01929
01930
01931
01933
01934
01935
01936
01937
01938
01939
01940
01943
01944
01946
01947
01948
01949
01951
01952
01953
01954
01955
01956
01957
01958
01959
01960
01961
01962
01964
01965
01966
01967
01968
01970
01971
01972
01973
